Row	NEO_N1_T_rho	NEO_N2_T_rho	NEO_N3_T_rho	NEO_N4_T_rho	NEO_N5_T_rho	NEO_N6_T_rho	NEO_E1_T_rho	NEO_E2_T_rho	NEO_E3_T_rho	NEO_E4_T_rho	NEO_E5_T_rho	NEO_E6_T_rho	NEO_O1_T_rho	NEO_O2_T_rho	NEO_O3_T_rho	NEO_O4_T_rho	NEO_O5_T_rho	NEO_O6_T_rho	NEO_A1_T_rho	NEO_A2_T_rho	NEO_A3_T_rho	NEO_A4_T_rho	NEO_A5_T_rho	NEO_A6_T_rho	NEO_C1_T_rho	NEO_C2_T_rho	NEO_C3_T_rho	NEO_C4_T_rho	NEO_C5_T_rho	NEO_C6_T_rho	NEO_N1_T_p	NEO_N2_T_p	NEO_N3_T_p	NEO_N4_T_p	NEO_N5_T_p	NEO_N6_T_p	NEO_E1_T_p	NEO_E2_T_p	NEO_E3_T_p	NEO_E4_T_p	NEO_E5_T_p	NEO_E6_T_p	NEO_O1_T_p	NEO_O2_T_p	NEO_O3_T_p	NEO_O4_T_p	NEO_O5_T_p	NEO_O6_T_p	NEO_A1_T_p	NEO_A2_T_p	NEO_A3_T_p	NEO_A4_T_p	NEO_A5_T_p	NEO_A6_T_p	NEO_C1_T_p	NEO_C2_T_p	NEO_C3_T_p	NEO_C4_T_p	NEO_C5_T_p	NEO_C6_T_p
NEO_N1_T	0.803	0.48977117119278	0.659805621305126	0.514145196193254	0.319918648605671	0.57225087560397	-0.230770074664398	-0.163820029711711	-0.340754755910045	-0.137227560195582	-0.0915240410872503	-0.230444038901544	0.0944254528028363	0.00486043360950182	-0.0578180090841877	-0.231847315768313	-0.21226601476518	-0.205633564498984	-0.273854074229684	-0.121210322323628	-0.102105411808768	-0.0173344484903383	0.0904097486988592	0.146700542714276	-0.350884025602931	-0.167797611538163	-0.140373718017795	-0.118379863145796	-0.359705439825906	-0.136106470846208	-1	1.320476138409e-29	8.17823394094424e-60	6.15078548690853e-33	1.34541241037655e-12	4.62060955180254e-42	4.48205578183326e-07	0.000372892314525588	3.45639557952117e-14	0.0029314868599853	0.0478354028090545	4.6571500608589e-07	0.0411677843863555	0.916481592936248	0.211850029461111	3.94741792807162e-07	3.6104750647219e-06	7.30326049538254e-06	1.70087669196165e-09	0.00866865613532368	0.0271922984724943	0.708384435361374	0.0506260457564696	0.0014607771803931	5.26113214441659e-15	0.000266152982469926	0.0023367983708426	0.0103736850215307	9.65327836292317e-16	0.00317465869466885
NEO_N2_T	0.48977117119278	0.697	0.505108382734962	0.371378503658579	0.350583368315302	0.403731368495383	-0.354064671108719	-0.156654200861187	-0.0582174018990621	0.0623083632678506	0.0956279467367017	-0.167600258422062	0.0604826024187353	-0.0960570004708452	-0.169354255524121	-0.137122544130766	-0.18861377305266	-0.287739959838718	-0.469565318434249	-0.27937709966109	-0.372385373065422	-0.350929965559455	-0.0936251096485436	-0.028427677001572	-0.352878164226348	-0.153269349434013	-0.255804250881062	-0.0550038653366502	-0.303399850676719	-0.205056195690199	1.320476138409e-29	-1	1.13659388081445e-31	9.42818304941748e-17	5.56896127010575e-15	8.95221377753197e-20	2.87216324834527e-15	0.000671629648969144	0.208705340350817	0.178418944195222	0.0386439990570528	0.000270692166335859	0.191506421080391	0.0377758097608309	0.000232764081300058	0.00295352426798282	4.01974383747613e-05	2.25700168833879e-10	4.86233281935241e-27	7.72009867888902e-10	7.67972121921503e-17	5.21559100653262e-15	0.0429235661970142	0.539569537136827	3.60261119197661e-15	0.00087934121234273	1.99141827502812e-08	0.234978163695891	2.01859338709593e-11	7.75688128860106e-06
NEO_N3_T	0.659805621305126	0.505108382734962	0.773	0.536213068711034	0.236123604104853	0.598798566404278	-0.339032107856457	-0.220648028075463	-0.39171574556075	-0.198376426696893	-0.0389090879703997	-0.365830115963432	0.032487241104153	-0.0520844071624868	-0.250560792536805	-0.245391847329532	-0.199262029344128	-0.275971440310401	-0.305014394591714	-0.131604094919318	-0.190612973209224	-0.0233468101888958	0.152041586767878	0.0870469803802425	-0.455439499822362	-0.257053754958152	-0.23248375788245	-0.193507366793337	-0.425813688746205	-0.152755605096339	8.17823394094424e-60	1.13659388081445e-31	-1	3.39866166896672e-36	2.36959607036944e-07	7.17776944408192e-47	4.7285135583346e-14	1.43475273362604e-06	1.29919198168e-18	1.53851873990016e-05	0.401020909352031	2.88242558785529e-16	0.483233060722084	0.260797505087926	3.93286969000397e-08	7.5791893972123e-08	1.40681412766044e-05	1.25910112620084e-09	1.56064109498786e-11	0.0043468120063092	3.31491927327902e-05	0.614411252697982	0.000968334861758486	0.0598833926116173	2.40987948459782e-25	1.68949859990217e-08	3.66096403415784e-07	2.49874033818511e-05	4.89935340046474e-22	0.000915617806055617
NEO_N4_T	0.514145196193254	0.371378503658579	0.536213068711034	0.668	0.221475711785582	0.499050104842263	-0.329177573617687	-0.253338981207483	-0.482719009540521	-0.264036861693078	-0.081671253651925	-0.309020604371132	-0.0607907021599622	-0.13196915018283	-0.207424998807295	-0.295564287536198	-0.27789441056156	-0.265600937122758	-0.229350295930825	-0.0344344735858981	-0.182055314243411	0.0775658812515646	0.258257741222823	0.0662925816444935	-0.378884398995044	-0.145918977572273	-0.165181136531407	-0.239045419021791	-0.34970523808195	-0.075292617578952	6.15078548690853e-33	9.42818304941748e-17	3.39866166896672e-36	-1	1.30718851267755e-06	7.65328159149833e-31	2.73628219922564e-13	2.74751286446754e-08	1.08594833247938e-28	6.63321220190955e-09	0.077556363090635	8.1853841213007e-12	0.189249855305881	0.00423892089710311	6.05125333998717e-06	6.88069587599533e-11	9.56021820262824e-10	5.35980634152899e-09	5.29386227856418e-07	0.457384904327842	7.4612504857526e-05	0.0937293676713696	1.4407784913191e-08	0.152181575857026	2.0081928944708e-17	0.00154962525445959	0.000332536926860677	1.66259570943349e-07	6.57278946018874e-15	0.103783345240982
NEO_N5_T	0.319918648605671	0.350583368315302	0.236123604104853	0.221475711785582	0.529	0.22932553507115	-0.00775034310242654	0.152075829332725	0.0599320422396893	0.211636886507343	0.191643923061255	0.193662019790867	0.204729876238351	0.107579411340801	0.164479877275697	0.0833638585166825	-0.0386685063125513	-0.0302394803539832	-0.0527765402963455	-0.24713811524449	-0.108815820888188	-0.233871994756732	-0.0987392204350425	0.0647357004312683	-0.140596554611788	-0.176499068568543	-0.211114801928912	-0.0143047585246297	-0.245883742268422	-0.425550198480981	1.34541241037655e-12	5.56896127010575e-15	2.36959607036944e-07	1.30718851267755e-06	-1	5.30920309065511e-07	0.867197190378737	0.0009657440362507	0.195587821668078	3.8637387984802e-06	2.99887832962569e-05	2.46099644603953e-05	8.02500851234817e-06	0.0199209168725068	0.000352790250617849	0.0715846753765573	0.403941382533729	0.514027208316837	0.254506285670796	6.08245730196077e-08	0.0185353245557988	3.1038754870224e-07	0.0327149210871854	0.162062295199393	0.00229917385336688	0.000123928736642832	4.08671305390669e-06	0.757589706590667	7.12496716396028e-08	5.2254636772442e-22
NEO_N6_T	0.57225087560397	0.403731368495383	0.598798566404278	0.499050104842263	0.22932553507115	0.735	-0.366966599699408	-0.199841603335799	-0.525021141631318	-0.391352489092253	-0.106853120417315	-0.384304577276319	-0.045259172664645	-0.108343788339415	-0.256044777649682	-0.314006300755583	-0.332483107988682	-0.227763068670089	-0.24789274515801	-0.0173013048144993	-0.248221990440339	0.0129989117104259	0.171444919229382	0.0243444432580666	-0.560506287211844	-0.369558288751995	-0.345321030349372	-0.410932817571056	-0.562242956822374	-0.171495567351352	4.62060955180254e-42	8.95221377753197e-20	7.17776944408192e-47	7.65328159149833e-31	5.30920309065511e-07	-1	2.29673418389347e-16	1.32650201578196e-05	1.63423835851767e-34	1.40624589671336e-18	0.0207761701886297	6.41024266637472e-18	0.328575114863873	0.0190540632446467	1.9295078697466e-08	3.61630030377743e-12	1.52918063301958e-13	6.36860375664375e-07	5.52798445555721e-08	0.708916639747941	5.30166829434013e-08	0.779117484712522	0.000194056846810702	0.599360543574243	4.52656684266857e-40	1.36358360690304e-16	1.49191564807256e-14	1.70871931695173e-20	2.32458432147847e-40	0.000193198628009835
NEO_E1_T	-0.230770074664398	-0.354064671108719	-0.339032107856457	-0.329177573617687	-0.00775034310242654	-0.366966599699408	0.722	0.468652237078862	0.378097566495706	0.329818724365825	0.118602644202652	0.569111837444774	0.152985706531508	0.291787650687513	0.476572131949995	0.22599945057137	0.240924873947915	0.197804707362048	0.40205628360815	0.0925582432662623	0.531250798410868	0.134715254587468	-0.0703586541109798	0.256331518742286	0.401661956227612	0.195213235418981	0.319966273512814	0.361010866429045	0.358409978186663	-0.0343114146872749	4.48205578183326e-07	2.87216324834527e-15	4.7285135583346e-14	2.73628219922564e-13	0.867197190378737	2.29673418389347e-16	-1	6.29245608750673e-27	2.36609249339751e-17	2.44559577007578e-13	0.0102294338844473	1.60214577504483e-41	0.000899202232156494	1.22635796574286e-10	6.55034784748335e-28	7.80830787678799e-07	1.32050977161217e-07	1.62967935042762e-05	1.30840236246998e-19	0.0453617901072837	1.92675297929415e-35	0.00350184500229744	0.1285350892035	1.85813396012761e-08	1.43022182932242e-19	2.11115864786015e-05	1.33462075107212e-12	7.47717310269654e-16	1.24240307148587e-15	0.458995175785236
NEO_E2_T	-0.163820029711711	-0.156654200861187	-0.220648028075463	-0.253338981207483	0.152075829332725	-0.199841603335799	0.468652237078862	0.745	0.373565783244576	0.300814387059561	0.411480222600801	0.432130594892068	0.127605078755265	0.192813445848695	0.289971636164035	0.337286846520021	0.13113835499955	0.157238726112838	0.242498181803921	-0.0620825223303856	0.173774758485703	-0.0547097183123997	-0.207674951329745	0.0429559945396654	0.211673018795241	0.114321995295994	0.050551052926953	0.256489832827582	0.195338842873599	-0.136689419436791	0.000372892314525588	0.000671629648969144	1.43475273362604e-06	2.74751286446754e-08	0.0009657440362507	1.32650201578196e-05	6.29245608750673e-27	-1	6.03269792759005e-17	3.03781855985484e-11	1.5041135599768e-20	1.0275240973507e-22	0.00570193666693133	2.67495466940807e-05	1.61433281478207e-10	6.48262721257701e-14	0.00448806048218609	0.000640740387448644	1.08731279944014e-07	0.180000899800008	0.00015805980673636	0.237494709966847	5.89377107944904e-06	0.35381067192874	3.84874517555914e-06	0.0133360358156832	0.275114575318263	1.81982927396229e-08	2.08499900682112e-05	0.00304601585620364
NEO_E3_T	-0.340754755910045	-0.0582174018990621	-0.39171574556075	-0.482719009540521	0.0599320422396893	-0.525021141631318	0.378097566495706	0.373565783244576	0.826	0.539864104393408	0.299293429316922	0.420429895793778	0.0990174822265133	0.134149538227185	0.280501103448998	0.346319981293426	0.256280384126613	0.0947335423417682	0.054694743238986	-0.227812618521388	0.0381457575922134	-0.334557734683858	-0.428033468609162	-0.0575936473879737	0.468306330812398	0.273724473391998	0.187075119170359	0.56156654082772	0.375349902544299	-0.0224677232809468	3.45639557952117e-14	0.208705340350817	1.29919198168e-18	1.08594833247938e-28	0.195587821668078	1.63423835851767e-34	2.36609249339751e-17	6.03269792759005e-17	-1	9.30818130353816e-37	3.85626903491352e-11	1.80762091932795e-21	0.0322246667548719	0.00364342101146912	6.55948307836043e-10	1.23913984848481e-14	1.87067205479013e-08	0.040508260489096	0.23762333349925	6.33209017946904e-07	0.410330724291108	1.05753063683938e-13	2.84047341214437e-22	0.213631482292002	6.93669214226713e-27	1.7323317597749e-09	4.65637480293908e-05	3.0149219389769e-40	4.18065985046644e-17	0.627809311738185
NEO_E4_T	-0.137227560195582	0.0623083632678506	-0.198376426696893	-0.264036861693078	0.211636886507343	-0.391352489092253	0.329818724365825	0.300814387059561	0.539864104393408	0.66	0.295995880816197	0.452178138648968	0.145292896137454	0.223541345205953	0.315419105829516	0.267916654144793	0.22229162195646	0.128764933681931	0.0610397310635116	-0.123152784615452	0.118522210995731	-0.230764769325557	-0.241593759787561	0.0869737021086547	0.358931540968003	0.244204475842808	0.201465134601163	0.513336784440635	0.359724223649864	-0.160020464783048	0.0029314868599853	0.178418944195222	1.53851873990016e-05	6.63321220190955e-09	3.8637387984802e-06	1.40624589671336e-18	2.44559577007578e-13	3.03781855985484e-11	9.30818130353816e-37	-1	6.4374578972679e-11	5.78458046694609e-25	0.00162434715916064	1.03451089877618e-06	2.86098307561208e-12	3.89926220757876e-09	1.19212546899923e-06	0.00527431334794727	0.187440257863386	0.00764775948866643	0.0102813079316221	4.48485361949744e-07	1.2160067124833e-07	0.0600997477852782	1.12253997933327e-15	8.79376187909232e-08	1.12409183401899e-05	8.01296417022041e-33	9.61794211301216e-16	0.000510982681009057
NEO_E5_T	-0.0915240410872503	0.0956279467367017	-0.0389090879703997	-0.081671253651925	0.191643923061255	-0.106853120417315	0.118602644202652	0.411480222600801	0.299293429316922	0.295995880816197	0.577	0.342485124223086	0.160780662660571	0.130936426835327	0.118014311516496	0.325872955229496	0.0982181195391166	0.0155722966906933	0.00418282458530191	-0.3607604516901	-0.051805642529988	-0.166073889621286	-0.32721283999297	-0.0574034152360279	0.0678583934649015	0.00859433574443049	-0.0943042572094979	0.229503315562007	0.0421095726135346	-0.220322500406915	0.0478354028090545	0.0386439990570528	0.401020909352031	0.077556363090635	2.99887832962569e-05	0.0207761701886297	0.0102294338844473	1.5041135599768e-20	3.85626903491352e-11	6.4374578972679e-11	-1	2.51801673361518e-14	0.000480032829506553	0.00455057882166191	0.0106142921787983	4.86127983848721e-13	0.0336501571837571	0.736871043756906	0.928091143158852	7.85339809329273e-16	0.263361405114167	0.00030832108317762	3.85405277583081e-13	0.21515036308043	0.142712133879329	0.852891677166567	0.0414296999326517	5.19999855965932e-07	0.36338369063184	1.48812342614164e-06
NEO_E6_T	-0.230444038901544	-0.167600258422062	-0.365830115963432	-0.309020604371132	0.193662019790867	-0.384304577276319	0.569111837444774	0.432130594892068	0.420429895793778	0.452178138648968	0.342485124223086	0.796	0.320815186653008	0.332163631242729	0.509079090750834	0.318662845772342	0.281956331410191	0.202270477757281	0.301892284046656	-0.106029698394339	0.269831122183774	-0.088739466132357	-0.26527298358508	0.147178754047502	0.328890244265892	0.165059160871079	0.159993264111326	0.359797941523398	0.229198431184982	-0.211092155872289	4.6571500608589e-07	0.000270692166335859	2.88242558785529e-16	8.1853841213007e-12	2.46099644603953e-05	6.41024266637472e-18	1.60214577504483e-41	1.0275240973507e-22	1.80762091932795e-21	5.78458046694609e-25	2.51801673361518e-14	-1	1.15587269445472e-12	1.61813844894067e-13	3.18932040409851e-32	1.66286822800602e-12	5.3063128702564e-10	1.03494581185647e-05	2.56312241361618e-11	0.0217842268525724	2.9905974545992e-09	0.0550627904649158	5.6054410367241e-09	0.00140874728248594	2.87728313278625e-13	0.000335979977892207	0.000512123719915533	9.48048685045524e-16	5.38862643351473e-07	4.09665777439419e-06
NEO_O1_T	0.0944254528028363	0.0604826024187353	0.032487241104153	-0.0607907021599622	0.204729876238351	-0.045259172664645	0.152985706531508	0.127605078755265	0.0990174822265133	0.145292896137454	0.160780662660571	0.320815186653008	0.682	0.342056436272019	0.346514257949948	0.185096780403479	0.320544301317445	0.182641633478697	0.0981906882186858	-0.166863924626213	0.0458975987388062	-0.0571719167103423	-0.23389945417346	0.109956799412129	-0.0168889172368053	-0.105086384077333	-0.114745377398597	0.0744844321955689	-0.113573812172772	-0.314459176014798	0.0411677843863555	0.191506421080391	0.483233060722084	0.189249855305881	8.02500851234817e-06	0.328575114863873	0.000899202232156494	0.00570193666693133	0.0322246667548719	0.00162434715916064	0.000480032829506553	1.15587269445472e-12	-1	2.72407679472619e-14	1.19510759034885e-14	5.61556027010525e-05	1.210203245008e-12	7.06600411451851e-05	0.0337000142004395	0.000288274268281239	0.3217911637712	0.217009172564887	3.0937251081752e-07	0.0173320312283846	0.715550323354747	0.022990954774048	0.0129954890463305	0.107556969093897	0.0139570937575079	3.35511525467688e-12
NEO_O2_T	0.00486043360950182	-0.0960570004708452	-0.0520844071624868	-0.13196915018283	0.107579411340801	-0.108343788339415	0.291787650687513	0.192813445848695	0.134149538227185	0.223541345205953	0.130936426835327	0.332163631242729	0.342056436272019	0.756	0.514620464497609	0.278704073817723	0.455596942363577	0.268639764111212	0.238729265046267	-0.00910648355982972	0.23426868762751	0.0586257814817157	-0.0699092957028716	0.212075424152242	0.171132727707621	0.0318900473866216	0.110070187566471	0.188618016127582	0.0521696682438906	-0.102830329912175	0.916481592936248	0.0377758097608309	0.260797505087926	0.00423892089710311	0.0199209168725068	0.0190540632446467	1.22635796574286e-10	2.67495466940807e-05	0.00364342101146912	1.03451089877618e-06	0.00455057882166191	1.61813844894067e-13	2.72407679472619e-14	-1	5.2633072396865e-33	8.50816281804579e-10	2.30958316766402e-25	3.52831711891248e-09	1.72796278904197e-07	0.844234013613544	2.96030258705874e-07	0.205524901510277	0.130999281528981	3.68547460499544e-06	0.000199426192575079	0.491315920926987	0.0172162660192959	4.01810791190339e-05	0.26001677602055	0.0261140824184901
NEO_O3_T	-0.0578180090841877	-0.169354255524121	-0.250560792536805	-0.207424998807295	0.164479877275697	-0.256044777649682	0.476572131949995	0.289971636164035	0.280501103448998	0.315419105829516	0.118014311516496	0.509079090750834	0.346514257949948	0.514620464497609	0.702	0.31463289700326	0.381036435100772	0.335431992510597	0.276048805581455	0.0464139736437868	0.310840663689408	0.0311545248056551	-0.123510502922115	0.264952406888889	0.34302274987153	0.0936107579475497	0.205566116542754	0.303052533485496	0.238783562611982	-0.110419614110685	0.211850029461111	0.000232764081300058	3.93286969000397e-08	6.05125333998717e-06	0.000352790250617849	1.9295078697466e-08	6.55034784748335e-28	1.61433281478207e-10	6.55948307836043e-10	2.86098307561208e-12	0.0106142921787983	3.18932040409851e-32	1.19510759034885e-14	5.2633072396865e-33	-1	3.25989799852256e-12	1.2794018474602e-17	9.04555685019911e-14	1.24528003083128e-09	0.31637128873175	6.08553953407258e-12	0.501369642084775	0.00747192705334432	5.85608307333662e-09	2.28109025701397e-14	0.0429556178595828	7.35491766995655e-06	2.13303196596882e-11	1.71656292612759e-07	0.0168637555019837
NEO_O4_T	-0.231847315768313	-0.137122544130766	-0.245391847329532	-0.295564287536198	0.0833638585166825	-0.314006300755583	0.22599945057137	0.337286846520021	0.346319981293426	0.267916654144793	0.325872955229496	0.318662845772342	0.185096780403479	0.278704073817723	0.31463289700326	0.601	0.346116078056226	0.36221815468315	0.0808138438200722	-0.08201329344233	0.0653750279814127	-0.118612563151168	-0.222736849969433	0.0384444733247527	0.173773841641056	0.0281608163691695	-0.0408295879858102	0.231981767147837	0.126804600042397	-0.217199679707902	3.94741792807162e-07	0.00295352426798282	7.5791893972123e-08	6.88069587599533e-11	0.0715846753765573	3.61630030377743e-12	7.80830787678799e-07	6.48262721257701e-14	1.23913984848481e-14	3.89926220757876e-09	4.86127983848721e-13	1.66286822800602e-12	5.61556027010525e-05	8.50816281804579e-10	3.25989799852256e-12	-1	1.28706507054718e-14	5.89774360098044e-16	0.0807322847934507	0.0763180608643289	0.157947948091002	0.0102230529374282	1.13350072819837e-06	0.406672345337315	0.000158072651332732	0.543384496676715	0.378163864269757	3.88516234829578e-07	0.00601498133760328	2.10660004507586e-06
NEO_O5_T	-0.21226601476518	-0.18861377305266	-0.199262029344128	-0.27789441056156	-0.0386685063125513	-0.332483107988682	0.240924873947915	0.13113835499955	0.256280384126613	0.22229162195646	0.0982181195391166	0.281956331410191	0.320544301317445	0.455596942363577	0.381036435100772	0.346116078056226	0.74	0.327769425468208	0.134818983930545	-0.0528115395126348	0.134528076086299	-0.00528442894456151	-0.241852731284707	0.0513224637256	0.301053843326889	0.0824794001467855	0.130827967647153	0.236151083033668	0.193406300218359	-0.0190365698710656	3.6104750647219e-06	4.01974383747613e-05	1.40681412766044e-05	9.56021820262824e-10	0.403941382533729	1.52918063301958e-13	1.32050977161217e-07	0.00448806048218609	1.87067205479013e-08	1.19212546899923e-06	0.0336501571837571	5.3063128702564e-10	1.210203245008e-12	2.30958316766402e-25	1.2794018474602e-17	1.28706507054718e-14	-1	3.49852948966953e-13	0.00347643373489148	0.254190976087308	0.00354812604941842	0.90922609593053	1.17772767085284e-07	0.267846333155961	2.92546639078111e-11	0.0746565184976964	0.00458448213693255	2.36176312188963e-07	2.52370202821768e-05	0.681248610239209
NEO_O6_T	-0.205633564498984	-0.287739959838718	-0.275971440310401	-0.265600937122758	-0.0302394803539832	-0.227763068670089	0.197804707362048	0.157238726112838	0.0947335423417682	0.128764933681931	0.0155722966906933	0.202270477757281	0.182641633478697	0.268639764111212	0.335431992510597	0.36221815468315	0.327769425468208	0.458	0.252620939578441	0.0907172525832499	0.207773152392514	0.0496972727089477	-0.0154692152129966	0.0911764324629077	0.238005653414282	0.0961531951317956	0.095460843403437	0.0195083225878106	0.119785623558972	-0.0281789626828233	7.30326049538254e-06	2.25700168833879e-10	1.25910112620084e-09	5.35980634152899e-09	0.514027208316837	6.36860375664375e-07	1.62967935042762e-05	0.000640740387448644	0.040508260489096	0.00527431334794727	0.736871043756906	1.03494581185647e-05	7.06600411451851e-05	3.52831711891248e-09	9.04555685019911e-14	5.89774360098044e-16	3.49852948966953e-13	-1	3.01562143772793e-08	0.0498426747956997	5.83297587403169e-06	0.283314034601192	0.738549098336972	0.0486917852436742	1.88702823475528e-07	0.0375834463387567	0.03898667577883	0.673798163696757	0.00949287190572449	0.543124658918369
NEO_A1_T	-0.273854074229684	-0.469565318434249	-0.305014394591714	-0.229350295930825	-0.0527765402963455	-0.24789274515801	0.40205628360815	0.242498181803921	0.054694743238986	0.0610397310635116	0.00418282458530191	0.301892284046656	0.0981906882186858	0.238729265046267	0.276048805581455	0.0808138438200722	0.134818983930545	0.252620939578441	0.682	0.257594855238922	0.395860503929606	0.329935267085454	0.141098977864277	0.246456110645299	0.229780999249663	0.121498482575592	0.192107844360117	0.0754230044868699	0.17636339540986	-0.02707278128608	1.70087669196165e-09	4.86233281935241e-27	1.56064109498786e-11	5.29386227856418e-07	0.254506285670796	5.52798445555721e-08	1.30840236246998e-19	1.08731279944014e-07	0.23762333349925	0.187440257863386	0.928091143158852	2.56312241361618e-11	0.0337000142004395	1.72796278904197e-07	1.24528003083128e-09	0.0807322847934507	0.00347643373489148	3.01562143772793e-08	-1	1.57296409336367e-08	5.22731032232196e-19	2.39610725985603e-13	0.00221636399310779	6.62948463166553e-08	5.03373469730563e-07	0.0085099197843064	2.86617350036172e-05	0.103184480859414	0.000125449999596785	0.559075892434179
NEO_A2_T	-0.121210322323628	-0.27937709966109	-0.131604094919318	-0.0344344735858981	-0.24713811524449	-0.0173013048144993	0.0925582432662623	-0.0620825223303856	-0.227812618521388	-0.123152784615452	-0.3607604516901	-0.106029698394339	-0.166863924626213	-0.00910648355982972	0.0464139736437868	-0.08201329344233	-0.0528115395126348	0.0907172525832499	0.257594855238922	0.539	0.302834960348916	0.325023386516956	0.42006582944431	0.216439435728834	0.0334036850744674	0.1283377124394	0.338587005166246	-0.102881874326295	0.122481608090374	0.232651287209229	0.00866865613532368	7.72009867888902e-10	0.0043468120063092	0.457384904327842	6.08245730196077e-08	0.708916639747941	0.0453617901072837	0.180000899800008	6.33209017946904e-07	0.00764775948866643	7.85339809329273e-16	0.0217842268525724	0.000288274268281239	0.844234013613544	0.31637128873175	0.0763180608643289	0.254190976087308	0.0498426747956997	1.57296409336367e-08	-1	2.20792057631588e-11	5.62895223277259e-13	1.97278735304819e-21	2.29083985372462e-06	0.470970483017942	0.00542834478373707	5.12570250655088e-14	0.0260388397852403	0.00798767132879568	3.58895205560924e-07
NEO_A3_T	-0.102105411808768	-0.372385373065422	-0.190612973209224	-0.182055314243411	-0.108815820888188	-0.248221990440339	0.531250798410868	0.173774758485703	0.0381457575922134	0.118522210995731	-0.051805642529988	0.269831122183774	0.0458975987388062	0.23426868762751	0.310840663689408	0.0653750279814127	0.134528076086299	0.207773152392514	0.395860503929606	0.302834960348916	0.681	0.338299470663545	0.206103164685668	0.335473952545435	0.346101418180563	0.171775520458881	0.414381341295076	0.206670530981152	0.275040472694141	0.173250075610195	0.0271922984724943	7.67972121921503e-17	3.31491927327902e-05	7.4612504857526e-05	0.0185353245557988	5.30166829434013e-08	1.92675297929415e-35	0.00015805980673636	0.410330724291108	0.0102813079316221	0.263361405114167	2.9905974545992e-09	0.3217911637712	2.96030258705874e-07	6.08553953407258e-12	0.157947948091002	0.00354812604941842	5.83297587403169e-06	5.22731032232196e-19	2.20792057631588e-11	-1	5.39947921437505e-14	6.95307154346075e-06	8.97786462325843e-14	1.29057992035921e-14	0.000188518682689712	7.62111943253693e-21	6.55131472767794e-06	1.43756137913836e-09	0.000165572608320613
NEO_A4_T	-0.0173344484903383	-0.350929965559455	-0.0233468101888958	0.0775658812515646	-0.233871994756732	0.0129989117104259	0.134715254587468	-0.0547097183123997	-0.334557734683858	-0.230764769325557	-0.166073889621286	-0.088739466132357	-0.0571719167103423	0.0586257814817157	0.0311545248056551	-0.118612563151168	-0.00528442894456151	0.0496972727089477	0.329935267085454	0.325023386516956	0.338299470663545	0.548	0.343556056628073	0.215244561642593	0.0125336177602438	0.0328195699446731	0.153399147840895	-0.103244897719338	0.047301180099372	0.191605701426793	0.708384435361374	5.21559100653262e-15	0.614411252697982	0.0937293676713696	3.1038754870224e-07	0.779117484712522	0.00350184500229744	0.237494709966847	1.05753063683938e-13	4.48485361949744e-07	0.00030832108317762	0.0550627904649158	0.217009172564887	0.205524901510277	0.501369642084775	0.0102230529374282	0.90922609593053	0.283314034601192	2.39610725985603e-13	5.62895223277259e-13	5.39947921437505e-14	-1	2.06770732811252e-14	2.6119250516308e-06	0.78683013076271	0.478766437029294	0.000870388453602996	0.0255141838508675	0.307199421445483	3.01006735809377e-05
NEO_A5_T	0.0904097486988592	-0.0936251096485436	0.152041586767878	0.258257741222823	-0.0987392204350425	0.171444919229382	-0.0703586541109798	-0.207674951329745	-0.428033468609162	-0.241593759787561	-0.32721283999297	-0.26527298358508	-0.23389945417346	-0.0699092957028716	-0.123510502922115	-0.222736849969433	-0.241852731284707	-0.0154692152129966	0.141098977864277	0.42006582944431	0.206103164685668	0.343556056628073	0.7	0.218772045699134	-0.158913675639721	0.00698407610977507	0.156181818566014	-0.236084635476282	-0.0439583763232047	0.195413763710672	0.0506260457564696	0.0429235661970142	0.000968334861758486	1.4407784913191e-08	0.0327149210871854	0.000194056846810702	0.1285350892035	5.89377107944904e-06	2.84047341214437e-22	1.2160067124833e-07	3.85405277583081e-13	5.6054410367241e-09	3.0937251081752e-07	0.130999281528981	0.00747192705334432	1.13350072819837e-06	1.17772767085284e-07	0.738549098336972	0.00221636399310779	1.97278735304819e-21	6.95307154346075e-06	2.06770732811252e-14	-1	1.76952727615225e-06	0.000559370128480765	0.880223055151252	0.000697594859354754	2.38074709929122e-07	0.342681286005601	2.06954238981847e-05
NEO_A6_T	0.146700542714276	-0.028427677001572	0.0870469803802425	0.0662925816444935	0.0647357004312683	0.0243444432580666	0.256331518742286	0.0429559945396654	-0.0575936473879737	0.0869737021086547	-0.0574034152360279	0.147178754047502	0.109956799412129	0.212075424152242	0.264952406888889	0.0384444733247527	0.0513224637256	0.0911764324629077	0.246456110645299	0.216439435728834	0.335473952545435	0.215244561642593	0.218772045699134	0.485	-0.000214619054313593	-0.0606759397487991	0.129570921472686	-0.0288098581702052	0.0267661066595396	-0.0666728348406755	0.0014607771803931	0.539569537136827	0.0598833926116173	0.152181575857026	0.162062295199393	0.599360543574243	1.85813396012761e-08	0.35381067192874	0.213631482292002	0.0600997477852782	0.21515036308043	0.00140874728248594	0.0173320312283846	3.68547460499544e-06	5.85608307333662e-09	0.406672345337315	0.267846333155961	0.0486917852436742	6.62948463166553e-08	2.29083985372462e-06	8.97786462325843e-14	2.6119250516308e-06	1.76952727615225e-06	-1	0.996305405670812	0.190088097141125	0.00499439539327052	0.534129374284187	0.5635379704866	0.149839240127132
NEO_C1_T	-0.350884025602931	-0.352878164226348	-0.455439499822362	-0.378884398995044	-0.140596554611788	-0.560506287211844	0.401661956227612	0.211673018795241	0.468306330812398	0.358931540968003	0.0678583934649015	0.328890244265892	-0.0168889172368053	0.171132727707621	0.34302274987153	0.173773841641056	0.301053843326889	0.238005653414282	0.229780999249663	0.0334036850744674	0.346101418180563	0.0125336177602438	-0.158913675639721	-0.000214619054313593	0.685	0.46917963559385	0.438876307134868	0.489752240745969	0.558571025163926	0.281983281350835	5.26113214441659e-15	3.60261119197661e-15	2.40987948459782e-25	2.0081928944708e-17	0.00229917385336688	4.52656684266857e-40	1.43022182932242e-19	3.84874517555914e-06	6.93669214226713e-27	1.12253997933327e-15	0.142712133879329	2.87728313278625e-13	0.715550323354747	0.000199426192575079	2.28109025701397e-14	0.000158072651332732	2.92546639078111e-11	1.88702823475528e-07	5.03373469730563e-07	0.470970483017942	1.29057992035921e-14	0.78683013076271	0.000559370128480765	0.996305405670812	-1	5.42230447598823e-27	1.8684740411919e-23	1.32805332827244e-29	9.4685850940078e-40	5.28545764308167e-10
NEO_C2_T	-0.167797611538163	-0.153269349434013	-0.257053754958152	-0.145918977572273	-0.176499068568543	-0.369558288751995	0.195213235418981	0.114321995295994	0.273724473391998	0.244204475842808	0.00859433574443049	0.165059160871079	-0.105086384077333	0.0318900473866216	0.0936107579475497	0.0281608163691695	0.0824794001467855	0.0961531951317956	0.121498482575592	0.1283377124394	0.171775520458881	0.0328195699446731	0.00698407610977507	-0.0606759397487991	0.46917963559385	0.585	0.495139375305518	0.451969349606934	0.568417378063363	0.331096757112508	0.000266152982469926	0.00087934121234273	1.68949859990217e-08	0.00154962525445959	0.000123928736642832	1.36358360690304e-16	2.11115864786015e-05	0.0133360358156832	1.7323317597749e-09	8.79376187909232e-08	0.852891677166567	0.000335979977892207	0.022990954774048	0.491315920926987	0.0429556178595828	0.543384496676715	0.0746565184976964	0.0375834463387567	0.0085099197843064	0.00542834478373707	0.000188518682689712	0.478766437029294	0.880223055151252	0.190088097141125	5.42230447598823e-27	-1	2.56900872298084e-30	6.11614178659371e-25	2.10565579440158e-41	1.95350605279873e-13
NEO_C3_T	-0.140373718017795	-0.255804250881062	-0.23248375788245	-0.165181136531407	-0.211114801928912	-0.345321030349372	0.319966273512814	0.050551052926953	0.187075119170359	0.201465134601163	-0.0943042572094979	0.159993264111326	-0.114745377398597	0.110070187566471	0.205566116542754	-0.0408295879858102	0.130827967647153	0.095460843403437	0.192107844360117	0.338587005166246	0.414381341295076	0.153399147840895	0.156181818566014	0.129570921472686	0.438876307134868	0.495139375305518	0.614	0.353438088574404	0.541446766347473	0.394075071468976	0.0023367983708426	1.99141827502812e-08	3.66096403415784e-07	0.000332536926860677	4.08671305390669e-06	1.49191564807256e-14	1.33462075107212e-12	0.275114575318263	4.65637480293908e-05	1.12409183401899e-05	0.0414296999326517	0.000512123719915533	0.0129954890463305	0.0172162660192959	7.35491766995655e-06	0.378163864269757	0.00458448213693255	0.03898667577883	2.86617350036172e-05	5.12570250655088e-14	7.62111943253693e-21	0.000870388453602996	0.000697594859354754	0.00499439539327052	1.8684740411919e-23	2.56900872298084e-30	-1	3.23764446285931e-15	5.28336735713776e-37	7.74972876005573e-19
NEO_C4_T	-0.118379863145796	-0.0550038653366502	-0.193507366793337	-0.239045419021791	-0.0143047585246297	-0.410932817571056	0.361010866429045	0.256489832827582	0.56156654082772	0.513336784440635	0.229503315562007	0.359797941523398	0.0744844321955689	0.188618016127582	0.303052533485496	0.231981767147837	0.236151083033668	0.0195083225878106	0.0754230044868699	-0.102881874326295	0.206670530981152	-0.103244897719338	-0.236084635476282	-0.0288098581702052	0.489752240745969	0.451969349606934	0.353438088574404	0.637	0.492494824221965	0.141221432032605	0.0103736850215307	0.234978163695891	2.49874033818511e-05	1.66259570943349e-07	0.757589706590667	1.70871931695173e-20	7.47717310269654e-16	1.81982927396229e-08	3.0149219389769e-40	8.01296417022041e-33	5.19999855965932e-07	9.48048685045524e-16	0.107556969093897	4.01810791190339e-05	2.13303196596882e-11	3.88516234829578e-07	2.36176312188963e-07	0.673798163696757	0.103184480859414	0.0260388397852403	6.55131472767794e-06	0.0255141838508675	2.38074709929122e-07	0.534129374284187	1.32805332827244e-29	6.11614178659371e-25	3.23764446285931e-15	-1	5.7754019284868e-30	0.00219659834006992
NEO_C5_T	-0.359705439825906	-0.303399850676719	-0.425813688746205	-0.34970523808195	-0.245883742268422	-0.562242956822374	0.358409978186663	0.195338842873599	0.375349902544299	0.359724223649864	0.0421095726135346	0.229198431184982	-0.113573812172772	0.0521696682438906	0.238783562611982	0.126804600042397	0.193406300218359	0.119785623558972	0.17636339540986	0.122481608090374	0.275040472694141	0.047301180099372	-0.0439583763232047	0.0267661066595396	0.558571025163926	0.568417378063363	0.541446766347473	0.492494824221965	0.71	0.291906056174165	9.65327836292317e-16	2.01859338709593e-11	4.89935340046474e-22	6.57278946018874e-15	7.12496716396028e-08	2.32458432147847e-40	1.24240307148587e-15	2.08499900682112e-05	4.18065985046644e-17	9.61794211301216e-16	0.36338369063184	5.38862643351473e-07	0.0139570937575079	0.26001677602055	1.71656292612759e-07	0.00601498133760328	2.52370202821768e-05	0.00949287190572449	0.000125449999596785	0.00798767132879568	1.43756137913836e-09	0.307199421445483	0.342681286005601	0.5635379704866	9.4685850940078e-40	2.10565579440158e-41	5.28336735713776e-37	5.7754019284868e-30	-1	1.20449321547952e-10
NEO_C6_T	-0.136106470846208	-0.205056195690199	-0.152755605096339	-0.075292617578952	-0.425550198480981	-0.171495567351352	-0.0343114146872749	-0.136689419436791	-0.0224677232809468	-0.160020464783048	-0.220322500406915	-0.211092155872289	-0.314459176014798	-0.102830329912175	-0.110419614110685	-0.217199679707902	-0.0190365698710656	-0.0281789626828233	-0.02707278128608	0.232651287209229	0.173250075610195	0.191605701426793	0.195413763710672	-0.0666728348406755	0.281983281350835	0.331096757112508	0.394075071468976	0.141221432032605	0.291906056174165	0.681	0.00317465869466885	7.75688128860106e-06	0.000915617806055617	0.103783345240982	5.2254636772442e-22	0.000193198628009835	0.458995175785236	0.00304601585620364	0.627809311738185	0.000510982681009057	1.48812342614164e-06	4.09665777439419e-06	3.35511525467688e-12	0.0261140824184901	0.0168637555019837	2.10660004507586e-06	0.681248610239209	0.543124658918369	0.559075892434179	3.58895205560924e-07	0.000165572608320613	3.01006735809377e-05	2.06954238981847e-05	0.149839240127132	5.28545764308167e-10	1.95350605279873e-13	7.74972876005573e-19	0.00219659834006992	1.20449321547952e-10	-1
